Camera -0.1 0.0 0.0 0.785398163 0.1 50000.0
Player 300.0 0.75 172.0 50 0.0 0.0
DateTimePlace 8.0 220 47.5
TerrainLayer 15000.0 0.0 5000.0 700.0 200.0
TerrainLayer 13858.1929 5740.2515 6500.0 1500.0 250.0
TerrainLayer 10606.6017 10606.6017 8000.0 2300.0 300.0
TerrainLayer 5740.2515 13858.1929 9500.0 700.0 350.0
TerrainLayer 0.0 15000.0 5000.0 1500.0 400.0
TerrainLayer -5740.2515 13858.1929 6500.0 2300.0 450.0
TerrainLayer -10606.6017 10606.6017 8000.0 700.0 500.0
TerrainLayer -13858.1929 5740.2515 9500.0 1500.0 550.0
TerrainLayer -15000.0 0.0 5000.0 2300.0 200.0
TerrainLayer -13858.1929 -5740.2515 6500.0 700.0 250.0
TerrainLayer -10606.6017 -10606.6017 8000.0 1500.0 300.0
TerrainLayer -5740.2515 -13858.1929 9500.0 2300.0 350.0
TerrainLayer 0.0 -15000.0 5000.0 700.0 400.0
TerrainLayer 5740.2515 -13858.1929 6500.0 1500.0 450.0
TerrainLayer 10606.6017 -10606.6017 8000.0 2300.0 500.0
TerrainLayer 13858.1929 -5740.2515 9500.0 700.0 550.0